0.531049489276 0.881144055988 0.617498533189 0.411281637588 2
0.37405001046 0.967030598814 0.703489469157 0.102868896927 2
0.490631734511 0.465264687151 0.157308114242 0.595127629466 0
0.16878768512 0.217902279967 0.316384217281 0.00641534351631 1
0.410123260894 0.66622367463 0.698293188532 0.158868120692 0
0.746260483115 0.965591216401 0.31195173988 0.3931038024 0

0.280630930001 0.146434993997 0.536696079218 0.950468996158 0
0.927822608713 0.619883778298 0.583214463189 0.982369745609 0
0.903574209929 0.758352624459 0.988742426235 0.0397142914061 2
0.0528471840927 0.0561997762009 0.950003674994 0.979977543591 0
0.544386453926 0.402064364809 0.325612518274 0.58098053011 0
0.941245593789 0.196831118407 0.560114132416 0.57851864854 0
0.77035273379 0.485109994228 0.635717472989 0.912088155976 2
0.369511987342 0.414895098818 0.89799874772 0.0406254029221 1
0.457901599066 0.815149707231 0.831130893877 0.402299637677 1
0.326261512439 0.0401286729203 0.369495778655 0.370174984142 2
0.118706182802 0.744986964986 0.685475681068 0.194463144115 2
0.248716820119 0.618525513211 0.919489703761 0.396174057996 0
0.227170530377 0.184524451853 0.852454695443 0.000896422964668 2
0.859291986593 0.310968617014 0.46546670918 0.677350423519 1
0.004543993977 0.80384199317 0.408155148234 0.92065738068 0

0.686066329109 0.994275894708 0.901606341297 0.466159512293 2
0.222918716618 0.395298598179 0.0868049798126 0.908956994985 2
0.364154086125 0.00155106888752 0.611748164221 0.443810344053 1
0.849022307164 0.858489524232 0.342908309844 0.423285896511 2
0.667879947585 0.523258723555 0.0598025789519 0.976958543394 0
0.953908167401 0.972462636826 0.939163067925 0.974497649048 2
0.489887818629 0.631874504976 0.376308199923 0.101208968199 2
0.628906145887 0.897694928737 0.375735972107 0.98696418962 1
0.782780669608 0.297460899388 0.263661957475 0.0310175727037 0
0.362623100158 0.588822603834 0.137937357283 0.219336935078 0
0.719861355125 0.615281872777 0.978752825866 0.283911715125 2
0.537770231542 0.78859687113 0.027319480958 0.35901143361 0
0.911142315692 0.176760166078 0.665309320352 0.851976222387 0
0.885298309902 0.223690072978 0.234480654697 0.747066035794 0
0.434438950271 0.945215477866 0.149269900749 0.982091081379 1
0.352897421251 0.337172403477 0.841546730489 0.839964643606 1
0.151205378197 0.982788655776 0.349745723055 0.146857219682 1
0.194592112943 0.509323406848 0.657837025518 0.422834810368 1
0.232322240469 0.95460581576 0.976870148678 0.744777345079 1
0.981428909127 0.25354825399 0.528614422687 0.240079885588 2
0.141628856194 0.603727556741 0.233488281125 0.169687770287 2
0.687150045221 0.939705201422 0.715471837947 0.0685852136342 1
0.0173493749494 0.969687214511 0.566114524526 0.804255738839 2
0.963968987742 0.319661159554 0.885813172338 0.759326869896 0
0.327465938501 0.124229069378 0.700927627847 0.763836814886 0
0.562249618121 0.487639876363 0.435545834522 0.627029126583 1
0.983695705892 0.673545468188 0.158044920885 0.619889671118 1
0.981266082143 0.732865334751 0.0765183068365 0.485742879767 0
0.342264790661 0.259217697121 0.0268913021233 0.111857166688 2
0.456951946906 0.598568454329 0.570673922315 0.716406974154 2
0.769347085671 0.952671700241 0.350502357738 0.460263236469 0
0.426957889555 0.663850095042 0.515419424133 0.544161159406 0
0.898172308723 0.556009045323 0.110836581854 0.13653058035 0
0.965635910947 0.220681122086 0.9077721875 0.0526816981747 0
0.500328965185 0.0371532811732 0.806663436545 0.802744181146 0
0.545215673924 0.150134692778 0.0770691866169 0.038013721098 0
0.148596091463 0.879704431083 0.681914813477 0.402289765116 1
0.312070447064 0.499039944228 0.0522030290336 0.404920993851 1
0.451439008719 0.822877165084 0.0708567237044 0.634851032992 1
0.307571244292 0.52261993228 0.121068877959 0.74897717383 1
0.377819766708 0.703532542325 0.448534299834 0.528810085624 2
0.71356113394 0.949537833531 0.238682733578 0.404508658531 0
0.817840384474 0.376674363807 0.277185221039 0.526592147111 0
0.704088655224 0.694862876204 0.957736711912 0.656233595429 1
0.781549329612 0.451341096276 0.22072222967 0.453123377247 0
0.580151694118 0.880783930794 0.119421168427 0.778753720486 1
0.121283371221 0.118484856027 0.78340875566 0.0614981752517 2
0.804845102182 0.424766495817 0.823379343926 0.931264742658 1
0.442659390488 0.608984020682 0.24380607775 0.401251941137 1
0.430234558558 0.515554435551 0.919784487148 0.898295788123 0
0.94287164496 0.829339199334 0.652901059113 0.191862301882 0
0.454688058178 0.229372527694 0.898026569839 0.248235388665 2
0.509442988359 0.28919225709 0.480188192246 0.812807826999 2
0.800408393195 0.0820001958746 0.112375420854 0.681062825287 0
0.16680038644 0.990069618007 0.281438946454 0.999206535701 2
0.834955987105 0.360378874107 0.264711328974 0.65049464368 1
0.066182874506 0.492564195714 0.522276410338 0.734309949622 0
0.238861370949 0.751657076872 0.541323939827 0.121332135629 0
0.243179613344 0.314985188012 0.349047700834 0.835976169677 1
0.30787189266 0.972881483297 0.256008097478 0.387207968585 2
0.893616747291 0.97306332431 0.946381740347 0.880252312099 2
0.364610440907 0.818747792818 0.0975520980677 0.363927161454 0
0.992894427383 0.907457669504 0.100261516697 0.358457554794 2
0.0927088651894 0.638242632977 0.080051633456 0.295342955814 0
0.346990372573 0.730483174773 0.49644225601 0.465755698398 1
0.568644194446 0.00582622107371 0.640538057917 0.444932946729 1
0.526989292063 0.975134117932 0.426539370983 0.836649779341 0
0.346733646028 0.270253799434 0.879054513014 0.307976812666 2
0.51679338244 0.671983497106 0.862321882939 0.94946497552 0
0.720705868171 0.740296613293 0.640482510352 0.953839000866 0
0.772838695045 0.717287619317 0.775699612833 0.248177308369 0
0.214396698511 0.0428165736617 0.280275581546 0.506225305373 1
0.447577589685 0.733043615032 0.865819604488 0.255629520455 0
0.399519681466 0.801384964178 0.971960862785 0.187164383001 1
0.157449274615 0.986177622943 0.718984185864 0.516974694749 0
0.346237613161 0.976536607672 0.164510473501 0.969404534729 2
0.0441638372218 0.571453058177 0.986436510682 0.733124327197 1
0.996166783831 0.526987481337 0.894623134041 0.873880116833 2
0.457642600803 0.916210536469 0.440401752078 0.711206141203 0
0.0694364791838 0.20123301732 0.384929248052 0.169699094661 1
0.186556533245 0.785949053411 0.300215605578 0.165670409183 0
0.770493929417 0.986002812224 0.033410272201 0.90567320987 0
0.999836101039 0.311795472526 0.819614648224 0.136247865001 0
0.0875618124444 0.758900857524 0.966676293223 0.121088397532 0
0.458067804372 0.778068624416 0.490257667964 0.0937219980086 0
0.784570678011 0.427723257246 0.237266189944 0.114481621732 2
0.67087134707 0.318615919239 0.860249757694 0.363423871342 1
0.828161728779 0.769471808273 0.28731614991 0.398992238438 1
0.58709575354 0.165417126937 0.50018515641 0.285744320357 2
0.676921208926 0.575915342319 0.342112632186 0.620436404457 2
0.0705838774819 0.7800731205 0.431963998831 0.79638319993 1
0.674500674764 0.0667684274782 0.171476468349 0.37910148302 0
0.39892452262 0.050225266532 0.259168594421 0.459523053921 0
0.567296526541 0.568582132042 0.293791234056 0.694296477037 2
0.723717715072 0.255802818083 0.971733430037 0.1959664095 1
0.0179987624011 0.38170925956 0.68721301043 0.330161238885 2
0.783733905864 0.903067937133 0.471206826699 0.299982996989 1
0.540242090746 0.976339682879 0.149268977308 0.299749640241 2
0.885862094921 0.345030455884 0.143839501536 0.737514548933 2
0.431880341165 0.956511356997 0.455164475256 0.236796871276 0

0.690159189791 0.357687663007 0.614909787442 0.497199816679 1
0.424914631458 0.531182974848 0.899663839216 0.15048440679 1
0.985923974537 0.613630871556 0.0485444851071 0.107925987182 2
0.35426814947 0.199647215813 0.943631230782 0.175669550054 0
0.739440274984 0.173848291837 0.831572193728 0.835797452557 0
0.855536921411 0.00706150849323 0.78820156767 0.800869408678 2
0.542434795407 0.651451661475 0.776889160524 0.66606919397 2
0.644829222246 0.910871684324 0.600650092511 0.474471046684 1
0.321354859619 0.600258717011 0.593417399326 0.328732860646 1
0.69692758185 0.915248389395 0.0474074530932 0.0475528878432 0
0.123909699136 0.735497437284 0.59778172557 0.139219211701 1
0.458338913974 0.388017418449 0.939834486812 0.102606536021 1
0.212830501396 0.0886849322278 0.237538344319 0.966255475649 1
0.997423033651 0.744873687794 0.0706013796936 0.731294884803 1
0.663691379815 0.0451123146968 0.660265538357 0.00520058843807 0
0.459144394187 0.409970930194 0.197623607042 0.00468309460839 0
0.40543526288 0.965155319548 0.958339849348 0.880497158864 1
0.466209467919 0.767860051446 0.857592589093 0.0937277250874 0
0.97923394881 0.377920210237 0.822386060089 0.43362629394 1
0.195051092001 0.575802540824 0.666416757663 0.776860835622 0
0.297718301962 0.611264980847 0.403643133721 0.461146730321 0
0.050109484482 0.682533055078 0.812497572147 0.297386646995 2
0.572560608119 0.522423964863 0.304809905966 0.206584986444 1
0.484852560601 0.875734673386 0.169632493263 0.579336450669 1
0.871622767396 0.218064492482 0.672782752927 0.00111183108237 2
0.768227011949 0.816859612838 0.619111500616 0.413577716357 2
0.893474825248 0.724358616588 0.468761236929 0.831552475432 1
0.469785238816 0.0606202230613 0.561537630609 0.390803488019 1
0.889436984861 0.841635815272 0.907635533963 0.980416185832 2
0.490306550207 0.859151975421 0.250888603918 0.0865591141407 0
0.267565885156 0.791029770787 0.500685416025 0.539141895046 1
0.641355850933 0.812364259722 0.356995519443 0.732070500613 2
0.85149620412 0.301048340172 0.327681020529 0.504191160658 0
0.441366986246 0.146493070308 0.350124883409 0.980916440739 2
0.69991981769 0.843544571004 0.260612797874 0.253907031126 1
0.17716622769 0.951048229889 0.508092165364 0.453535226956 1
0.921366215389 0.0662257893146 0.931546747178 0.530340475834 2
0.610725930904 0.826757322753 0.678550159117 0.803671649556 2
0.774207222905 0.8233192523 0.382105991547 0.718644941579 2
0.367557598405 0.179280566482 0.16668101494 0.692836186577 1
0.674052491244 0.883019889534 0.683904250332 0.0366681157939 2
0.021468465028 0.313720970605 0.547400275785 0.436581440645 1
0.424165231611 0.818765242658 0.961614665662 0.384068858903 0
0.298249823642 0.817465552225 0.308101333809 0.378281867609 0
0.265061074302 0.420535604818 0.418254671053 0.839338765336 2
0.527113493189 0.649648652183 0.665965947854 0.354296247369 0
0.89142580045 0.91480400653 0.411602887134 0.234254809431 2
0.293002088797 0.0982309318573 0.0287579202379 0.683019247983 2
0.326123177767 0.487334945207 0.334593534775 0.265104108651 0
0.452590233214 0.139359354519 0.197043218528 0.991208728511 0
0.522823401355 0.0239437364263 0.917033323461 0.931160137124 2
0.585977463872 0.103569262326 0.849657371384 0.324699426986 0
0.596442971148 0.373790938178 0.834343091919 0.598959560424 1
0.497944072248 0.0710051870184 0.155232753114 0.523783359465 1
0.968100831299 0.193275932302 0.205694158994 0.0723376308474 2
0.601382424528 0.948019998976 0.672885061992 0.867489334076 2
0.599507934334 0.773898059448 0.12273748347 0.200540828509 1
0.28677948564 0.193305087749 0.203330430463 0.186571172465 0
0.90691991478 0.472751920698 0.0967568401043 0.38848155843 0
0.194460229919 0.608030797674 0.28356661245 0.985491606135 2
0.317780775008 0.540677612282 0.377839363534 0.651911342792 0
0.709124788329 0.45245585994 0.967966690818 0.501070797695 0
0.671623507392 0.787887012717 0.417217291823 0.172542894654 1
0.942818795953 0.367814490334 0.209224785338 0.74907065283 0
0.838637441562 0.840613152605 0.986265800191 0.895637760177 0
0.17297335296 0.219958985737 0.668055864769 0.41413140954 2
0.742407056799 0.648512117302 0.317862778973 0.724378694921 2
0.83964721261 0.215684069086 0.872474380819 0.848532011581 0
0.998958507023 0.0924143590594 0.912770604956 0.792392992625 1
0.71297082645 0.602317954965 0.911047463542 0.607097715543 1
0.466259966658 0.00259119062379 0.126342966271 0.654554479725 0
0.276287304598 0.79834522467 0.651310049561 0.115263627598 0
0.813258720023 0.615457671446 0.618447724214 0.0115812576096 1
0.881147997841 0.457228063436 0.165535164948 0.749316613736 0
0.261448116971 0.631496313685 0.495933165668 0.200383085475 1
0.375751944062 0.396114904179 0.705648437554 0.657372062096 2
0.619128648127 0.544447695571 0.742194495549 0.792605458631 2
0.322094046204 0.91888863555 0.728980039262 0.179557593286 1
0.306873856421 0.265648506364 0.115824760091 0.529314801549 2
0.414752628763 0.625634013011 0.961054298116 0.847009544954 0
0.869364629102 0.0344602417483 0.239527845841 0.155658243776 1
0.545835363917 0.383228179321 0.487376661762 0.222815186146 1
0.143177668916 0.321148788879 0.0319056124111 0.742593358089 0
0.924130552721 0.836887004481 0.310243340356 0.663327672066 1
0.406945497014 0.257787515932 0.16452895958 0.742170100612 0
0.275866335295 0.19252482185 0.290713199061 0.797427421865 1
0.352188370275 0.798343393487 0.445596623261 0.689628658558 1
0.602885139531 0.0379480470488 0.223713159538 0.572236515523 1
0.784652350101 0.883218002987 0.393069995837 0.417667369914 1
0.169020469168 0.435094528627 0.40837749176 0.301830728591 2
0.812478302502 0.319291544543 0.959513407498 0.11862954303 1
0.188047897718 0.163203137736 0.818086699781 0.414135111064 1
0.528361386398 0.570392491502 0.0614470556604 0.388796794047 2
0.720539761423 0.405276303973 0.545137129577 0.838714427644 1
0.780357966838 0.363216143487 0.394316291732 0.132174002818 2
0.454698593795 0.172015663966 0.0166790418824 0.722840204151 2
0.0350484815725 0.924616214092 0.542062935047 0.821495704592 0
0.312852292492 0.171408812198 0.77847431966 0.904628673246 1
0.273108674796 0.833298501778 0.372646158168 0.60955665448 0
0.275951617345 0.0963180961047 0.194579345829 0.166297834394 1

0.745790684947 0.865754490288 0.42763367092 0.302953894629 1
0.609673260125 0.795178388346 0.0170786846868 0.823050500261 1
0.427637218893 0.693007551723 0.576886004295 0.181859157118 0
0.388475604899 0.0344528375269 0.409821160688 0.219511469968 2
0.585240326712 0.923744726911 0.61397687374 0.519177155309 1
0.332293968184 0.174455280125 0.625976967709 0.0771556338658 0
0.548263754732 0.049583881185 0.325012905207 0.759019444679 1
0.673913620247 0.219715243524 0.605371289342 0.588977414926 1
0.390513879541 0.450236722099 0.103672235235 0.621983364873 1
0.574342474607 0.473748641461 0.630663320271 0.332338111472 2
0.318172163065 0.587329063975 0.584112064121 0.902332463043 1
0.292524377009 0.498857088315 0.96271115942 0.276024879177 1
0.269079601108 0.748204966824 0.729234915559 0.793626293039 2
0.642907176792 0.919033098722 0.588350655451 0.622048676264 2
0.94664985441 0.37648261756 0.757110279928 0.0267277966113 2
0.622467258014 0.850282180287 0.31456139352 0.0451115554614 1
0.0836851591989 0.47271488192 0.131009559688 0.388096612233 0
0.273353213805 0.582404717784 0.0317164091869 0.34108795131 2
0.181487772289 0.500131265713 0.318384446749 0.509642781397 0
0.515549970214 0.449566012936 0.884662693589 0.596794167151 0
0.28700487571 0.092661665689 0.681556684455 0.457492460859 1
0.686101196376 0.717193252602 0.751346617429 0.408436330041 0
0.56793271285 0.488611373874 0.452947886492 0.170023899933 1
0.513724882438 0.660125007507 0.398158330756 0.393311579916 2
0.0763831314489 0.378067607936 0.601240580569 0.229516608064 1
0.724617542045 0.336128346341 0.232511296175 0.108823505486 1
0.294539447932 0.916907462193 0.585955534393 0.0777876708836 2
0.155850798448 0.0925992862563 0.567281469444 0.221554174664 1
0.868528503509 0.902729446368 0.0696122356453 0.0792111320521 0
0.26051930204 0.82983570616 0.528469737855 0.407110335551 0
0.262086910967 0.337483177648 0.232716401754 0.293717095582 1
0.777197684923 0.740952140129 0.963318310129 0.884146451632 0
0.367522601088 0.812086940331 0.666791543194 0.968857395075 2
0.343547362597 0.818560888721 0.55088224773 0.46556965209 2
0.149708879372 0.496162682325 0.102260896476 0.168181418245 1
0.218614235584 0.860335064249 0.314774309659 0.669873151333 0
0.209140931664 0.0220246747294 0.424852674223 0.218613250412 1
0.107492181607 0.191476384795 0.907043846501 0.659398980255 0
0.892997393907 0.581983443759 0.344703382222 0.643225915204 0
0.118196350765 0.561497094666 0.171834238146 0.136036444883 0
0.878838786387 0.820920415622 0.670026773935 0.214141674457 2
0.0550507303586 0.759146534524 0.351860982704 0.221952619591 0
0.861134678628 0.179258483382 0.0267381398196 0.272336498554 1
0.226697385948 0.710869542372 0.596250129768 0.648118919643 0
0.265054436478 0.140617926246 0.0556656806191 0.516023282369 2
0.883763735989 0.216838892255 0.13994025813 0.861837397217 1
0.671495433579 0.57045836741 0.814752551124 0.220769888955 2
0.261679057881 0.720757809213 0.600778269444 0.184106000678 0
0.54213619169 0.596059244726 0.806136916729 0.248783863422 0
0.0275834895145 0.665369568351 0.0072517315162 0.290554160586 1
0.448951111995 0.76614984174 0.555448455458 0.271008751117 0
0.0677879444999 0.880582459685 0.295642067092 0.0319836838856 2
0.060439661227 0.509737766805 0.810266940587 0.20998269277 2
0.18283605172 0.357319236576 0.527404926764 0.434081066029 1
0.36286735284 0.433746545598 0.89862117229 0.492226584013 2
0.681613914546 0.868453029847 0.75249526055 0.359482982791 0
0.495735640121 0.396172913465 0.412226572714 0.273041706894 1
0.836210473073 0.0795128701579 0.650537467474 0.132703709266 0
0.710985323326 0.914667596222 0.193207790108 0.184821484747 2
0.320580800165 0.368870860209 0.88390458104 0.95952098276 2
0.740761385479 0.117896008762 0.577296051857 0.174808491849 2
0.500560286233 0.748069249663 0.719031229171 0.758786071689 1
0.493052676172 0.99994685048 0.886487983016 0.424039748572 0
0.166614105453 0.304200199255 0.21527122257 0.394953086024 2
0.62150216058 0.360805431174 0.989677798241 0.422615467669 1
0.101804310812 0.71335647783 0.259009132246 0.53546815389 1
0.562420000223 0.211277399118 0.487768274938 0.312413480212 1
0.533015557072 0.441253772729 0.246145359683 0.641286474979 1
0.0694710414545 0.165009634487 0.316672962671 0.307260640516 0
0.077388586593 0.836373307348 0.437506994549 0.245491871083 0
0.122268139165 0.891340416413 0.959201476032 0.638205573229 0
0.0267419305445 0.817587697971 0.147709573463 0.368313909618 1
0.937443539533 0.311214067686 0.708230239331 0.988997097058 0
0.69662752916 0.439102999229 0.310771112091 0.968277382393 0
0.842486376406 0.987782968564 0.717349243765 0.318216287053 1
0.965899176318 0.0139235071703 0.407426706513 0.860893389224 2
0.0886686710488 0.965421522872 0.573854819436 0.157502759618 2
0.700841079794 0.767697557173 0.403186823467 0.780656422155 1
0.278644436985 0.59311008588 0.0600161239363 0.402819576401 1
0.867806388547 0.829155914015 0.64305545974 0.910024429137 2
0.678335210009 0.351669042194 0.823503481292 0.640747853663 1
0.510316009383 0.401673817685 0.582744203909 0.0777477716468 2
0.71776970486 0.614690543085 0.525544129859 0.798689144733 0
0.399054801556 0.255606703408 0.135593545861 0.645491168576 0
0.410386725758 0.481350976839 0.771787065391 0.35081744113 2
0.23930263544 0.8468888219 0.583696452351 0.14839111004 0
0.632171266043 0.649928233266 0.276423228274 0.0713595164533 0
0.958711753594 0.253479917041 0.651173811987 0.0276714860916 1
0.363446574893 0.966650009451 0.568123809936 0.698200464449 1
0.208720691094 0.541468357469 0.0079722686374 0.979429691143 1
0.351012664201 0.400303061912 0.342981146609 0.974973351074 1
0.836606439758 0.441663274011 0.415845156894 0.671775887975 0
0.898997690091 0.494398637475 0.721059240157 0.0654560207084 2
0.448466814924 0.535984637342 0.709318671157 0.673408486555 2
0.524473913781 0.553377285286 0.0316608767814 0.139923760684 2
0.129943013521 0.703947591336 0.0775221161201 0.481765232198 2
0.269910025623 0.812877408616 0.880813514 0.492703301369 2
0.0934899540344 0.569332153712 0.659552336377 0.795635142489 1
0.728154513038 0.714343556879 0.899883696897 0.411052540049 1
0.415263352405 0.182154468063 0.828253847576 0.33575163394 1

0.607739076646 0.305661276451 0.521685892563 0.528614920852 2
0.489052584891 0.86953414252 0.630289071929 0.220519244738 0
0.961221338707 0.439196630992 0.0981110906006 0.756791282054 2
0.866618408141 0.414718740397 0.520024523259 0.407956731623 0
0.849012458877 0.223198862621 0.0813858564634 0.0565700897174 0
0.937936070522 0.798364908255 0.247744513981 0.674185153339 2
0.738131535934 0.107335769611 0.774461507287 0.766284532382 0
0.423601313728 0.472921708904 0.9420824535 0.788801996185 2
0.404435684583 0.836871438328 0.0941559801625 0.21628399692 2
0.121258334302 0.530482169826 0.325856547699 0.0142190276293 1
0.33835857139 0.618691482381 0.596605971942 0.912291858519 1
0.577323626992 0.579979971497 0.896913102545 0.362675264265 0
0.0294578106226 0.0488026550895 0.437991985469 0.669154712773 1
0.422500851665 0.848461523695 0.526308857286 0.0339619919836 1
0.607843119484 0.390161715002 0.0190834430838 0.198235624658 1
0.141059829578 0.254236522145 0.331931037938 0.228138147821 1
0.859601290162 0.85654168988 0.890534892101 0.949383930772 1
0.53200555529 0.744320102163 0.569314110522 0.655647375959 2
0.508556967585 0.184751966522 0.760485694558 0.0643121689763 1
0.728939077723 0.957173944272 0.0127535891373 0.991831112563 0
0.648704345672 0.487116388171 0.830648842701 0.827895859332 1
0.791550561586 0.802848441489 0.567246041866 0.932886165103 1
0.540347584538 0.0636897833612 0.127299523853 0.185534280991 2
0.618093844763 0.21305796501 0.551605034139 0.874078085652 2
0.10890263464 0.200758783838 0.859238887827 0.174363496798 2
0.697332233055 0.450804425878 0.00722569580026 0.20068037493 1
0.233087186217 0.776802235846 0.805691702934 0.20151560257 0
0.0825391551155 0.00959572748282 0.0308139331813 0.565792665254 1
0.35152247804 0.682766965638 0.842556038613 0.585398124965 1
0.709014329754 0.517031862826 0.223115782997 0.939807809794 1
0.362468461217 0.31547123999 0.644848781308 0.790091632099 2
0.984485088168 0.730672861572 0.840893736323 0.576888324432 1
0.383626567531 0.0427861239759 0.926759361989 0.629362576589 2
0.288606852834 0.74579596836 0.493763441482 0.396078800084 2
0.830668121908 0.874078070769 0.970340828947 0.819519615004 1
0.86320099258 0.00924744425957 0.994845965787 0.580855959542 0
0.104445519604 0.516741525443 0.878712100589 0.027742460781 0
0.441076354459 0.548224969881 0.359382537848 0.846698875109 1
0.984001584124 0.0930045546076 0.650831171864 0.0964396195072 0
0.54713578311 0.364084378651 0.839341921922 0.624742975381 0
0.116038821932 0.181533704109 0.164424561147 0.149853187532 1
0.0488707574007 0.202577940675 0.747269232453 0.221717502283 1
0.685271474034 0.480600517785 0.519255927478 0.420966875994 0
0.56230735322 0.64877427261 0.717432841686 0.205257077699 2
0.713691766051 0.49495594967 0.668790135208 0.566506049879 0
0.670786432016 0.68101309394 0.26447064908 0.0320515427318 0
0.383806108772 0.788206316002 0.692077660617 0.118229936184 1
0.729767826968 0.632552173427 0.632701291127 0.611662859891 1
0.486397155298 0.730755327374 0.161340824687 0.323522264772 1
0.403312524011 0.428104101536 0.915313200505 0.338131284684 1
0.774103559189 0.0458965872166 0.100579160622 0.0628939060882 1
0.305420231218 0.659069228559 0.21631304029 0.95328128604 1
0.617523812207 0.8439934469 0.175569262995 0.843111880609 1
0.598909429134 0.00868383857147 0.810475154493 0.766164182104 1
0.824665349198 0.668214781201 0.421122606983 0.440358884779 0
0.987947556161 0.870112883053 0.180754114588 0.435476657164 2
0.112944246991 0.93367317005 0.0848128605695 0.721637631853 1
0.930527163653 0.412518075204 0.837289610497 0.921387283976 2
0.880785336691 0.508718714145 0.73342682831 0.88631227427 2
0.0588852060128 0.728622012129 0.674227249295 0.530936850448 0
0.338447151723 0.313621960283 0.868866125119 0.720042957738 1
0.319440825668 0.0254964411322 0.549603623866 0.388590613855 1
0.200614441374 0.402643890734 0.827307178756 0.258620803999 1
0.697748255107 0.180111791869 0.0636683607355 0.940257671516 2
0.900672824552 0.99699420432 0.495709380372 0.157665929583 0
0.518621136322 0.304261835073 0.0602184191217 0.371241023957 2
0.224117620667 0.929644805512 0.561068110247 0.0529762752652 2
0.483782861281 0.136684832671 0.807625360354 0.490650833172 0
0.67411877025 0.0570294651179 0.503164420499 0.320193646177 1
0.953605733925 0.124355122924 0.718659002433 0.0739134547481 2
0.660653062324 0.419138552774 0.87509532039 0.0859862036736 0
0.863132880785 0.378923864902 0.427862051118 0.230517689294 1
0.178186000531 0.358830260174 0.215886719392 0.75584969662 0
0.0813706599223 0.8991798975 0.993964867199 0.523730099082 2
0.561590419046 0.711820803989 0.622703010927 0.62719821047 0
0.201278888302 0.907455324457 0.0387341755495 0.564480446965 1
0.652399538807 0.402187599465 0.0457431273589 0.362564548473 1
0.79646158707 0.30810191831 0.941004154204 0.108118680159 1
0.388750735532 0.798322159471 0.705533889575 0.258857995873 2
0.703101197931 0.143684513548 0.247751540453 0.302626685898 0
0.829919749728 0.533040740261 0.0482767884518 0.227033862812 1
0.660470990191 0.597784609956 0.906122031022 0.799712937281 1
0.144502843634 0.933603526269 0.249198131348 0.671150854636 1
0.224170688127 0.304750683817 0.140737907833 0.881848975877 0
0.785563018732 0.245948061894 0.573720326276 0.643250797291 2
0.53387553133 0.983515483423 0.320505044083 0.382828556077 2
0.978705201951 0.738013151743 0.351273087746 0.398364523659 0
0.25230764815 0.598934200015 0.574388746397 0.477653049825 1
0.153079908592 0.79418880447 0.430363773914 0.480024513381 0
0.84600740782 0.312188937523 0.636819115497 0.21402277587 1
0.158679746788 0.0391410982201 0.203392510212 0.629179375015 0
0.373092748642 0.197024645785 0.977587462777 0.0302322441304 1
0.295079860343 0.985609792009 0.648459416162 0.821993832999 1
0.304854386231 0.309828574327 0.897035376032 0.445171137813 1
0.556001536632 0.905088230584 0.666782712526 0.192823942979 2
0.129562313465 0.855370486411 0.808780333811 0.356579536793 0
0.480404210017 0.714976299591 0.668351729613 0.907206501042 2
0.713901684676 0.980860431753 0.712579254189 0.466153712198 2
0.993597055813 0.253668141803 0.129693697601 0.534588701762 0
0.187275929425 0.45283395818 0.480265379754 0.108659070576 0

0.610754265103 0.289951383937 0.509960347968 0.0854669221739 1
0.863802024038 0.327116180554 0.739078688912 0.801378595712 0
0.725398977365 0.577531069991 0.967191755604 0.852438141463 0
0.961167827871 0.342820629857 0.258010334788 0.431030010557 1
0.220684589799 0.0218385716096 0.792995365424 0.92980724655 1
0.191868386976 0.295039085603 0.0319653428213 0.199862664324 1
0.527009526943 0.692555166866 0.791401394473 0.692079264513 1
0.164200975966 0.743422775285 0.371602112191 0.227457384362 0
0.898663260973 0.694424391819 0.220220057339 0.839757505431 1
0.40640381797 0.668390637693 0.374953397493 0.664899710034 1
0.813196843182 0.678937406473 0.205436843375 0.94732725068 2
0.98143347344 0.406110657802 0.69425778901 0.917729901144 2
0.7216836252 0.315446223797 0.813588733224 0.269474452161 0
0.216204738854 0.34546979374 0.177787352406 0.00720516809865 0
0.968155455489 0.84845755875 0.830304481999 0.643421333277 0
0.381226197457 0.411977181935 0.0897788684762 0.426451376041 0
0.573020926668 0.377177726286 0.14050016072 0.985193326048 1
0.260987749267 0.426641950769 0.0849684706927 0.794484956413 2
0.166126821909 0.425301563689 0.699249248995 0.465536521222 2
0.264567183533 0.612456699384 0.826671527046 0.0241917867032 0
0.881046449744 0.873235294871 0.354266666985 0.436544773493 2
0.440701147638 0.188394053489 0.103794464549 0.576777634109 2
0.156647045383 0.111159305559 0.684083103058 0.415038766318 0
0.69608498282 0.631483200402 0.840395427707 0.601854600077 0
0.739100540062 0.441398456182 0.6576732634 0.653960637358 0
0.824370750968 0.0323945673322 0.822954183396 0.980486280673 2
0.810686464879 0.585194559657 0.57450161037 0.581328841627 1
0.223272640227 0.589743687626 0.517257580776 0.0474117454667 2
0.907182930088 0.316923403464 0.486722016522 0.555762485062 0
0.547568550172 0.512337789415 0.914944948249 0.670456938221 0
0.426163209511 0.31205041746 0.523853524351 0.554049037551 1
0.703967900123 0.794325800959 0.608069757463 0.98708054783 1
0.412927960041 0.0287006466013 0.0726530297129 0.068763822582 1
0.853142772218 0.410814199496 0.858203215114 0.796507688898 0
0.713922518847 0.0599481745038 0.301733584014 0.320386708924 1
0.962484425086 0.994916358848 0.0149964306719 0.471997294909 2
0.478377273203 0.502216468614 0.358965553863 0.670449919779 2
0.41088049359 0.598415711168 0.102455009302 0.540276681812 0
0.49535382736 0.629281122187 0.0624496947232 0.341425507494 2
0.982173510267 0.0336451126708 0.695563346132 0.687724351993 1
0.729426563786 0.991556489281 0.198341070888 0.953549707515 0
0.66141011204 0.643044886431 0.0683524264323 0.215405484081 1
0.413352889269 0.950225923885 0.825386327653 0.37704481673 1
0.249677619508 0.737205192602 0.756696165797 0.418679794625 2
0.448084699571 0.665509168304 0.799130433506 0.847087468431 0
0.871617523145 0.640039890364 0.392171781128 0.45764357548 1
0.407106147546 0.959208231963 0.487351274609 0.988761058419 0
0.871508877612 0.846459954437 0.649949671417 0.688225626162 2
0.131969554788 0.457631970168 0.451910460693 0.645169990346 2
0.261723512274 0.960861867061 0.472168716494 0.828432880436 1
0.160902915722 0.478940377473 0.254092994669 0.729071577908 0
0.355820438023 0.324419625778 0.0748147613043 0.0163389970996 0
0.519671946466 0.64464672775 0.811955795954 0.103274997292 0
0.21916908525 0.144477623661 0.496508277303 0.484054090436 0
0.457517113556 0.389519139761 0.692960116833 0.763512355616 2
0.246560277177 0.637998891307 0.353954888944 0.744934799282 2
0.890711551035 0.28755485084 0.126197909018 0.303428028316 0
0.152376524406 0.449097113111 0.457943879722 0.310793778729 2
0.791802665711 0.253979675756 0.616359113495 0.294745702818 2
0.650987069398 0.998735770433 0.383772932322 0.0598607164597 2
0.56827729353 0.63630223574 0.452295543336 0.176405919802 0
0.424913262489 0.979773432232 0.393221291176 0.57867801736 0
0.97708268709 0.954987420683 0.399070603649 0.684244011736 1
0.459766188109 0.607999594706 0.497440744464 0.925685198448 0
0.258312562477 0.520333088739 0.309802053171 0.987173405966 0
0.111253597408 0.319127999386 0.890119651608 0.542703160548 0
0.103960634469 0.0186339529345 0.343538052224 0.310323091836 0
0.214639455025 0.528064618044 0.232806561226 0.525013237147 0
0.548948606492 0.0729421972374 0.377782801086 0.700807562761 0
0.793754639097 0.189471089034 0.847280005548 0.943735288949 0
0.310627468765 0.0193116175876 0.120896399983 0.476020165796 1
0.420385033463 0.649903585296 0.859796273615 0.632191483604 0
0.672148725557 0.89897578472 0.0989654740904 0.485389270516 2
0.152611908857 0.529228248164 0.648255393536 0.274775986838 2
0.102246654614 0.0684317627781 0.229637589996 0.816120160743 0
0.755054132564 0.854298258708 0.780139651782 0.225974903433 2
0.598022589296 0.537493900468 0.163728054524 0.0124385843909 1
0.414786004173 0.215952332645 0.441437424031 0.206981959324 2
0.100248426762 0.0367731395313 0.762950237059 0.200212453553 2
0.741241064331 0.74132801093 0.120564970377 0.436059692208 0
0.547013467028 0.657668974684 0.438911587533 0.0948657190733 1
0.198446081087 0.342397231231 0.267923629791 0.684211771987 2
0.156162047182 0.111251321808 0.916310266669 0.0673116528332 1
0.268193947017 0.177313451123 0.470216911555 0.615459981437 0
0.147033446772 0.387418892566 0.480572335467 0.113963218281 1
0.895549908843 0.786834403967 0.300725681833 0.00340537654159 1
0.579741064957 0.544162353685 0.855107020945 0.684164110462 0
0.174710810123 0.166074041332 0.396978824222 0.483159790305 1
0.50212004063 0.858774339068 0.374623699322 0.499476773482 1
0.592343551102 0.983255063731 0.212129136982 0.217747515457 1
0.365863131507 0.295513329146 0.632258764061 0.140299297332 2
0.299687079654 0.387485102125 0.235796599605 0.694496313052 0
0.508492101324 0.070503411086 0.157074166675 0.664201514761 0
0.329057861165 0.151626336025 0.26560887353 0.0118181122906 1
0.106832716236 0.349717178151 0.371692023957 0.247169947588 0
0.165730153718 0.292441985855 0.927509592693 0.0406061716215 2
0.628862567252 0.263904319595 0.813808967817 0.865552484584 0
0.893058667604 0.386110891693 0.651983141764 0.251792273215 1
0.693491689068 0.123622128388 0.110017418688 0.430003407038 1
0.478551895665 0.107587133546 0.775227634806 0.749984945361 2

0.242836573823 0.264396946546 0.6292236989 0.352932422715 0
0.369313064722 0.406705908674 0.0399585866099 0.120954543216 1
0.00291024280654 0.0731600201933 0.700905212348 0.919981175018 1
0.817368836542 0.60234562862 0.684078289416 0.709320747512 2
0.569113469698 0.712211210685 0.60477189972 0.213666703828 1
0.896894979464 0.0676155700401 0.708514172614 0.534947715538 0
0.186089532329 0.0247724979796 0.956315806766 0.204119980037 0
0.622151359027 0.794921982177 0.176723896606 0.257814031134 0
0.807490024428 0.527175360719 0.0904089202873 0.128636030666 2
0.60963577453 0.363104000878 0.514215306154 0.79388170515 0
0.760854592568 0.0897491084516 0.289393124556 0.646505967658 0
0.827900508616 0.0911692110593 0.411619779804 0.370494642848 2
0.392789315079 0.479320782945 0.973695247738 0.566398382711 1
0.972307867221 0.623829139796 0.0336059753059 0.325651872565 0
0.354641978694 0.371062948087 0.903650122254 0.0850706331569 1
0.58393634475 0.944854135942 0.434919869807 0.965995810942 0
0.223731782281 0.57412431861 0.353603061293 0.169625697404 0
0.565060474413 0.669325673845 0.0781840000573 0.77166356786 2
0.566837380762 0.706650221816 0.809437300087 0.823767871645 0
0.816462451387 0.154832030048 0.938585863329 0.290983355782 1
0.207228561686 0.731080332675 0.298522234606 0.514368655969 2
0.286349433609 0.532800223747 0.415007502541 0.182803112294 1
0.38821069084 0.228173775477 0.133591348625 0.189254712424 0
0.530641648516 0.143958051367 0.278714737233 0.3955242643 0
0.29926868955 0.970506380258 0.694440558376 0.140337090345 1
0.561367494439 0.272114948234 0.808093844339 0.144978753811 0
0.853216303752 0.581666751837 0.775340463676 0.504302069208 2
0.882391907064 0.352093113449 0.0657686497093 0.526691752304 1
0.294706570203 0.479983437632 0.77734114563 0.383437033034 0
0.644454234386 0.629199094166 0.209403865172 0.154286719391 1
0.93141399893 0.268034962242 0.104471827327 0.873996698716 0
0.585750271638 0.723865201289 0.313675129525 0.134142734262 0
0.0553822235512 0.0822786277669 0.507934707137 0.79378707226 0
0.907665676643 0.494574615702 0.322956432035 0.729771769673 0
0.629931215752 0.709820849109 0.990906803765 0.330702499742 2
0.63431422118 0.47165926515 0.228393354773 0.704839549127 2
0.797865692549 0.799137894028 0.268256937944 0.206273950103 0
0.0515643662779 0.83073503295 0.435133263795 0.125863194272 1
0.379317284424 0.864640245415 0.205791586756 0.232814587654 1
0.176681187918 0.838703180862 0.411425622402 0.874871133935 0
0.486768805377 0.162341891251 0.531518670381 0.242166843642 2
0.132607370173 0.0376316596399 0.259894171302 0.936177515519 2
0.688571536058 0.65451414233 0.0694345945052 0.293931005051 0
0.422011773752 0.718655269926 0.542823692757 0.837397195171 0
0.611954728428 0.371738044344 0.906387673525 0.728509564466 0
0.836942087271 0.826238290282 0.677789308968 0.292056246071 1
0.362100637817 0.738811612275 0.0928594426893 0.391562192472 2
0.942043054286 0.749892709881 0.358856066828 0.180566405874 0
0.928617510069 0.417724138331 0.272039786864 0.60928182602 0
0.796227607145 0.794615205672 0.346005443711 0.973328059549 1
0.175161051123 0.806454414523 0.900193035389 0.181706457007 1
0.866268584409 0.188845513164 0.983639501725 0.237776618126 1
0.576510283303 0.529661133761 0.445965294771 0.119557974915 0
0.324517888558 0.100483782381 0.0227671424552 0.0753074642369 2
0.00912439063749 0.912268712795 0.281384251019 0.0466044430453 2
0.175064862482 0.630094111269 0.283099515158 0.399192111452 2
0.170434282027 0.488328007943 0.490134212134 0.304436790813 2
0.204752370897 0.416376643312 0.896155186745 0.849588392086 2
0.133457101778 0.749042009428 0.183845222275 0.48423355976 2
0.00486454307293 0.585069780819 0.0649596046387 0.193498448761 1
0.596611322217 0.658511646873 0.0540477913489 0.313596604915 1
0.95259579103 0.723398678952 0.850986425909 0.161214329737 2
0.537756329586 0.344540219156 0.556340555271 0.139764406769 2
0.818488313999 0.590687525747 0.241853618536 0.429485328123 1
0.959066522765 0.772329692955 0.102845797997 0.986856797554 1
0.157984965518 0.411615464099 0.415155907067 0.55454530047 2
0.839248524408 0.778762391765 0.947731744137 0.75910736499 1
0.0127976664917 0.0347867301734 0.118881842168 0.480391945818 2
0.442269338974 0.802980097389 0.682613569992 0.973307315273 0
0.847920601766 0.125589944794 0.258087460614 0.172269619242 2
0.487092866126 0.796741140927 0.0403925709376 0.0825885185033 2
0.319702013627 0.641008500351 0.384259274608 0.843651155973 1
0.445612569281 0.737494581629 0.257726504581 0.611328288686 2
0.228456712995 0.0339164240952 0.768881623072 0.977543340718 2
0.908208748489 0.491362658097 0.575977003236 0.49043802787 1
0.184029870566 0.500018016562 0.623294336533 0.809745451155 0
0.712644590397 0.024563472582 0.409671287 0.0290574271036 1
0.387291540945 0.684788437707 0.346976747029 0.9197357559 2
0.97138197841 0.62888435212 0.103382346238 0.0804769698827 0
0.340010841334 0.199974725101 0.830873447948 0.980298606373 1
0.946473736696 0.970049029526 0.771942731764 0.00455084497877 0
0.12756929958 0.350839927664 0.564221420979 0.662994905344 0
0.817000388488 0.570446797144 0.261180848765 0.231858660571 2
0.866513689478 0.789689627322 0.258191231419 0.270382035042 1
0.648361877256 0.777503749092 0.0208464564714 0.7460178263 2
0.631800044514 0.963579334463 0.973362363308 0.839370605457 2
0.910267533338 0.302897804108 0.557288895375 0.156929702108 0
0.526182347458 0.274059163631 0.494172271841 0.808965137791 1
0.821092265015 0.0928240122173 0.383141080152 0.768800528822 0
0.636818111614 0.600342493415 0.894532947473 0.690699199307 1
0.195005317141 0.829299229824 0.149937142205 0.884746465644 0
0.971538160278 0.26934064638 0.15939758856 0.113894346026 2
0.0850661445027 0.330107799155 0.136952286828 0.357872545984 1
0.354371893715 0.585491948003 0.934831596692 0.225280251585 2
0.855140282407 0.145481882607 0.630642319048 0.522184691728 1
0.463059472779 0.32564288372 0.530237928493 0.886138479116 1
0.386246695767 0.241824630846 0.456399742388 0.774705602341 0
0.626655454975 0.403066175424 0.898718874522 0.547144348651 2
0.923329253138 0.290455028099 0.366088138309 0.368407013206 1
0.012071342964 0.287590783183 0.280126665123 0.25891170747 1

0.123403118115 0.788933157332 0.000284886223709 0.0996725809254 2
0.228401983481 0.744988385124 0.595872120838 0.406398083862 2
0.223705999739 0.845166518769 0.125544364548 0.350947963048 1
0.599174093151 0.835358249329 0.148064634461 0.788267103003 2
0.409874361491 0.575569461798 0.385592756389 0.715376637046 0
0.0879081008378 0.17157940127 0.572997391058 0.871317842438 1
0.105268637709 0.844607970352 0.118910643099 0.0625807350035 1
0.426151023611 0.752740137439 0.260535926967 0.784366847818 0
0.196961703246 0.0543174172935 0.419237201829 0.945028715451 1
0.480326683427 0.979625505965 0.869755093318 0.526012908049 2
0.615299474208 0.965900838165 0.28198595752 0.300195400568 1
0.987244228257 0.0911519076434 0.331155258416 0.689888790488 0
0.885453608627 0.77229203406 0.176821159001 0.777864860884 0
0.0279093319847 0.0902864650747 0.170956235936 0.320489545375 1
0.952727991582 0.0989719081042 0.0766773606311 0.165278459762 2
0.790393354768 0.473778498141 0.435049488658 0.700463696445 0
0.403094171311 0.700606836208 0.642541142425 0.323645465409 1
0.841680867947 0.595342708156 0.00684879208371 0.814057456057 0
0.393024993848 0.857962716836 0.947831453257 0.109131873524 2
0.265758310057 0.187285559208 0.807721671721 0.0178095062642 0
0.11530345557 0.863479554687 0.129381135733 0.0787218660933 0
0.44673179384 0.114497110239 0.733602159298 0.584641796374 2
0.650963948698 0.902696373882 0.56941962038 0.946992814791 1
0.494671377195 0.381868870573 0.820617812422 0.108765946175 0
0.405087093354 0.548679299033 0.0827970495563 0.787751365475 2
0.64432588487 0.388706095989 0.431574978192 0.404932515792 1
0.806990525762 0.41175883984 0.514570424189 0.0607646540925 0
0.640903167196 0.510856224432 0.41079417179 0.404309303208 2
0.801715818308 0.453402745398 0.278418492107 0.0244640676703 1
0.4471274567 0.455696725267 0.708777370007 0.726813972064 1
0.926817649373 0.142103381499 0.0318515268103 0.583862349234 2
0.291621033459 0.3845873571 0.54677853207 0.955104606116 1
0.517745251063 0.627313860329 0.79161751596 0.267055612873 2
0.885051878115 0.493068416779 0.243137326123 0.513772808139 2
0.721240062422 0.840999073856 0.0194380415442 0.8704849902 0
0.908618219965 0.658469128142 0.0579418017666 0.544717674169 1
0.0122481654581 0.0030822949219 0.366542144287 0.262527045741 2
0.00597135895366 0.542723574405 0.806696386994 0.58396660742 1
0.378156145456 0.141630286808 0.933861524876 0.383378749288 2
0.977619216766 0.472441185917 0.0946525131597 0.970850143321 1
0.418347155721 0.387343934987 0.604610651234 0.43862545289 1
0.358203661303 0.483607454766 0.553524253645 0.148821019263 0
0.522195963452 0.203474284926 0.310594341087 0.235157643644 0
0.545211004323 0.344116298297 0.0340620872034 0.387648898774 2
0.624770482667 0.24721714291 0.0073028594176 0.156312454311 2
0.960316513835 0.856895169663 0.661976083423 0.654476426888 1
0.291882617481 0.744704174192 0.256468110044 0.923736468627 1
0.44606903708 0.336697616976 0.814488225832 0.98481099561 0
0.444606079258 0.934840845304 0.876546041413 0.992585370205 2
0.94561762255 0.148016814595 0.656990253308 0.508525050698 1
0.378173808326 0.959691264922 0.0600244452854 0.988767801238 2
0.882243995585 0.447408783122 0.0560807977813 0.555883446244 1
0.219372958579 0.141550150184 0.0407430909328 0.890086527092 1
0.680000981519 0.891180397004 0.927818993459 0.440203253378 1
0.320365225845 0.820643207743 0.00818443473072 0.760112972312 0
0.679135563656 0.941895441876 0.51430568873 0.364699275681 2
0.491138245801 0.382401026218 0.172686270307 0.693407472969 0
0.548880105076 0.0219402175199 0.92832150301 0.352851308551 1
0.72735953769 0.744386974168 0.301693297465 0.799536723384 1
0.402922674646 0.206810517982 0.899887529167 0.410871228156 0
0.267813928936 0.402489186412 0.3976492516 0.0424414656341 2
0.0803586798716 0.15307223596 0.87137904467 0.87167966214 1
0.355181660398 0.827510392423 0.398617724716 0.45919242229 2
0.458580646644 0.228062981045 0.564978174461 0.288552241052 1
0.995714813761 0.985909974933 0.5964889927 0.466340159029 2
0.0652220927532 0.96114277781 0.1881325723 0.971063496979 1
0.676377952502 0.647365295034 0.669953569101 0.15422379075 2
0.0384186085005 0.791571753865 0.379492007422 0.500267023066 2
0.403821025249 0.178845217836 0.69468005165 0.930372039477 1
0.534204772747 0.416678993487 0.115580939936 0.00249452149645 2
0.511715188202 0.646995549123 0.373368057401 0.513287910879 2
0.812079172874 0.0962115549666 0.0541764850254 0.197148754523 2
0.277757747604 0.137829441671 0.855345028792 0.871725103564 0
0.753034276811 0.887466065589 0.968626455668 0.0175754995481 0
0.0923936967274 0.0864563667179 0.585988834003 0.552293234228 2
0.359303355104 0.873536654201 0.922685583515 0.424996651829 1
0.516064510862 0.686682527305 0.548636480982 0.277244796743 0
0.654748436093 0.839020743786 0.0455061667019 0.281703368425 1
0.418274777368 0.454729587578 0.71714984282 0.599981080886 0
0.180509790678 0.0929824488724 0.924958554924 0.062762695392 2
0.854988142521 0.633357666622 0.271367817122 0.779617453504 0
0.908468989455 0.588848191882 0.944440616875 0.202558555611 0
0.0240241188962 0.652556679074 0.344547831035 0.801794767998 0
0.276720216498 0.664157075734 0.773925467703 0.738889345833 1
0.417970584904 0.809135714669 0.00716738647389 0.0081821773439 2
0.311862490318 0.562961988744 0.852274992787 0.221038020572 2
0.423747692528 0.485102452911 0.926046395059 0.121107785509 2
0.915608183625 0.619806228191 0.654413028625 0.900278610295 2
0.431187717363 0.775519169729 0.908468163202 0.455855406872 1
0.604372397246 0.743845148763 0.812517373838 0.779907759423 0
0.989378258276 0.91947627335 0.340436277395 0.976546507353 2
0.87207942117 0.0850162373066 0.726231010266 0.278838190479 0
0.44581321399 0.820536213337 0.616826541221 0.242434551778 0
0.272600126124 0.817249182259 0.626116052387 0.454002321078 1
0.736068587567 0.692914845729 0.274961171039 0.660790949703 2
0.478357805201 0.0538245585187 0.356905227342 0.887777384334 0
0.0561746908605 0.456688997424 0.275511270092 0.697717060699 0
0.308505237293 0.894997371807 0.471780283394 0.816254860572 2
0.808427570723 0.518654262319 0.61448458241 0.951051617825 1
0.238098714014 0.645831851144 0.552491025915 0.646075708674 1

0.470650449791 0.816787596852 0.999469719531 0.417414202009 0
0.575538100129 0.648588050249 0.485508347681 0.011624342663 0
0.795621118865 0.796787111198 0.386209734362 0.106594013666 0
0.00105483405948 0.823859482478 0.186274036204 0.301710142862 2
0.200708749729 0.521724962865 0.932478621837 0.156930073116 1
0.359340101943 0.56952508799 0.956409879732 0.0215049987274 0
0.077217743532 0.315313723886 0.373749212145 0.997871202739 2
0.309313635929 0.811624275631 0.55773223446 0.778208496388 0
0.594988273212 0.930816868178 0.272915938465 0.227083711891 2
0.791730740874 0.180896331129 0.747774861668 0.255391364812 1
0.375751598677 0.792148099449 0.432215212565 0.760529270689 0
0.0477701564619 0.110090490188 0.357390585723 0.362546483713 2
0.754689631098 0.377379961212 0.457718593258 0.817871005741 2
0.386965346499 0.274222567527 0.00706824603945 0.484223770275 1
0.451890857086 0.821516285724 0.0341967997906 0.00883038207851 0
0.657637582067 0.286549197075 0.731222594466 0.177547900024 0
0.285134016624 0.142340039742 0.150221622774 0.119302819065 0
0.0307604409849 0.471607786211 0.185186447021 0.988392297003 0
0.749442391636 0.20904298891 0.943410777243 0.830895029635 1
0.929233056804 0.229169034763 0.584750615474 0.429382416487 2
0.576431219656 0.667807822205 0.855683780564 0.572977054606 1
0.744497919625 0.339128410129 0.805054030852 0.0701310598877 0
0.0497701806611 0.236012892172 0.359284824716 0.0533871366112 2
0.829477015583 0.611957901179 0.0394877253869 0.402319814601 2
0.0721481516635 0.618242866241 0.880521098834 0.222932088971 1
0.824837594606 0.493387236407 0.313667858536 0.562532527839 0
0.315871801851 0.439001381495 0.93194861248 0.103592647438 1
0.130186878037 0.900795437049 0.260815138853 0.839531838845 0
0.972944780415 0.214918044231 0.236385764193 0.797249237703 1
0.828705021067 0.188053786067 0.974486308032 0.830003012148 2
0.310892569391 0.511504355411 0.801180136884 0.12406133961 2
0.92911023903 0.722074330946 0.811623565829 0.952035407454 2
0.662120401667 0.425462808295 0.199638920813 0.616973175701 1
0.0481852198343 0.638739853867 0.772961239991 0.00989104712123 0
0.235981320788 0.948095737358 0.41238755813 0.139171495346 1
0.699096256808 0.558607805111 0.0834621718221 0.45161286948 2
0.385637933062 0.63618201241 0.0247636553039 0.767155181657 1
0.0636515376758 0.574147680721 0.424307806931 0.190448121312 2
0.244366658601 0.254468339824 0.320337596303 0.496350193602 2
0.0874879629274 0.538486603152 0.11095381255 0.431551861174 1
0.234375647663 0.98393568139 0.415030073693 0.970617024928 2
0.929622911906 0.450811541528 0.897880335033 0.381614107309 0
0.704420678794 0.436550541963 0.871611129863 0.898138387267 1
0.349683233413 0.425389226151 0.875450219863 0.328883209532 1
0.0867492220876 0.929308602795 0.42139183607 0.546211298328 0
0.8183815774 0.608486568149 0.0695590290295 0.143935258017 0
0.777173412131 0.312230738987 0.107491657238 0.61451515198 1
0.498193413117 0.777773750604 0.944052951423 0.824129260655 0
0.414056902009 0.508386043243 0.209492107723 0.762789068443 0
0.488554751068 0.446875051265 0.270444063342 0.657203201694 0
0.845042780714 0.968594142943 0.940428508679 0.0215311433729 0
0.81689612422 0.884010777101 0.131364716256 0.162672552053 0
0.680116070203 0.801929139826 0.557075299069 0.422671707886 2
0.708777535488 0.589321195337 0.62724532683 0.556154089552 2
0.777696373823 0.858017676664 0.598334133331 0.883867008361 1
0.405499442584 0.620286565581 0.504642972802 0.612727486744 2
0.730964800457 0.101056561923 0.215393214087 0.171454891977 2
0.432890789963 0.720521981247 0.606677143913 0.101511346422 1
0.756060735232 0.835968520172 0.139555472083 0.681775233834 1
0.664061617667 0.339051526589 0.934645951807 0.49905936877 1
0.209522191281 0.148108884702 0.0484901059266 0.557510460702 1
0.0302171375698 0.83167675237 0.830360837533 0.924631893356 0
0.373979112089 0.823173208461 0.554106858277 0.843771307615 1
0.2718637971 0.448131663799 0.455211692461 0.804523874539 2
0.0159840096401 0.725483396089 0.191631943987 0.826466572588 0
0.0308923268399 0.956484668928 0.240289598194 0.450502842703 0
0.555547046272 0.875968841733 0.225462626062 0.768614174863 2
0.524335696617 0.538710776182 0.139882342885 0.797024327311 2
0.129163193023 0.146415476532 0.277760868821 0.706879608237 2
0.734382640194 0.649396258384 0.89973631277 0.295220091478 2
0.507089274315 0.710613590599 0.521812842579 0.720023675933 0
0.290755439714 0.416790948014 0.170091526835 0.715631726653 1
0.589352195781 0.767483708354 0.0339740529692 0.913390756796 2
0.772916517657 0.452050151364 0.497076683233 0.783017499815 1
0.684382817355 0.143783555889 0.725273728693 0.760383652204 0
0.468680319871 0.018681329767 0.198668794436 0.799824842953 2
0.273768542284 0.0650523683443 0.247613763798 0.561022433711 0
0.784965802719 0.654003153443 0.432998127048 0.723168441028 2
0.79589439083 0.210199528199 0.780410042353 0.014473562834 2
0.317592749327 0.74943441155 0.13271387878 0.79242579387 1
0.816868382877 0.521685974133 0.946190823758 0.963059565319 1
0.8591909957 0.167026610117 0.597714262236 0.0162826533525 0
0.249461755407 0.709020052253 0.384881453745 0.346961029605 1
0.170778880352 0.538669700995 0.800168785261 0.180814753191 1
0.292906322738 0.17765128975 0.833542570228 0.289790881264 0
0.00661042763159 0.605432860682 0.762010498706 0.379151228054 2
0.752202424865 0.969633296079 0.219294439011 0.606699978766 1
0.164010128399 0.671719193981 0.536524809728 0.499800527308 2
0.304341136324 0.0218570454827 0.914065405003 0.547256513719 2
0.577743241657 0.714485044789 0.358778378238 0.839136950525 2
0.220970070819 0.859267027854 0.231375030461 0.436386439709 2
0.11604085154 0.300729874375 0.214058796992 0.0828425791586 2
0.715647096159 0.706020800855 0.188916116394 0.60365060801 1
0.464187637133 0.192372867703 0.9526820712 0.186249089084 1
0.796146152732 0.564861202923 0.128806189058 0.843290488305 2
0.968731473153 0.20384942201 0.327090202857 0.37068532699 0
0.117810275395 0.168175680462 0.17890596171 0.0456086452252 2
0.0531651463368 0.761961143918 0.420042796843 0.974113185092 2
0.599790647992 0.245815777695 0.204722610187 0.943768939372 1
0.191785353053 0.0253348069462 0.44801532474 0.349719605523 0

